3 0.12454212454212454 0.31351351351351353 0.23443223443223443 0.33513513513513515
3 0.36996336996337 0.31351351351351353 0.24175824175824176 0.3567567567567568
3 0.6153846153846154 0.32432432432432434 0.21245421245421245 0.3783783783783784
3 0.8498168498168498 0.3081081081081081 0.2271062271062271 0.3567567567567568
0 0.12454212454212454 0.4297297297297298 0.15384615384615385 0.08108108108108109
0 0.3663003663003663 0.43513513513513513 0.14652014652014653 0.07027027027027027
0 0.6117216117216118 0.43513513513513513 0.14652014652014653 0.07027027027027027
0 0.8589743589743589 0.43513513513513513 0.1575091575091575 0.08108108108108109
1 0.11904761904761904 0.6783783783783784 0.15018315018315018 0.5027027027027027
1 0.35714285714285715 0.6918918918918919 0.14285714285714285 0.5081081081081081
1 0.6135531135531136 0.6756756756756757 0.14285714285714285 0.4972972972972973
1 0.8534798534798534 0.6810810810810811 0.14652014652014653 0.5081081081081081
