3 0.38405797101449274 0.587431693989071 0.2971014492753623 0.5409836065573771
0 0.3713768115942029 0.7513661202185792 0.1847826086956522 0.09289617486338798
5 0.6123188405797102 0.6174863387978142 0.050724637681159424 0.4262295081967213
5 0.391304347826087 0.5519125683060109 0.057971014492753624 0.37158469945355194
5 0.7572463768115942 0.5546448087431693 0.06521739130434782 0.2568306010928962
5 0.20652173913043478 0.546448087431694 0.07246376811594203 0.17486338797814208
2 0.17572463768115942 0.6912568306010929 0.20652173913043478 0.5737704918032787
2 0.6195652173913043 0.6010928961748634 0.21739130434782608 0.45901639344262296
2 0.8278985507246377 0.6693989071038251 0.25 0.6284153005464481
1 0.375 0.8579234972677595 0.19927536231884058 0.28415300546448086
1 0.6086956521739131 0.8715846994535519 0.17391304347826086 0.2568306010928962
