3 0.3422131147540984 0.4660194174757281 0.21721311475409838 0.2912621359223301
3 0.6372950819672132 0.45388349514563103 0.20081967213114754 0.2766990291262136
0 0.3422131147540984 0.5388349514563107 0.13524590163934427 0.058252427184466014
5 0.5184426229508197 0.4199029126213592 0.06147540983606558 0.21844660194174756
5 0.34016393442622955 0.4514563106796116 0.05737704918032787 0.1844660194174757
5 0.8545081967213115 0.4174757281553398 0.05327868852459017 0.2233009708737864
5 0.6290983606557378 0.4344660194174757 0.036885245901639344 0.21844660194174756
3 0.17008196721311478 0.46844660194174753 0.19262295081967215 0.25728155339805825
1 0.1864754098360656 0.7354368932038834 0.16803278688524592 0.36407766990291257
1 0.3483606557377049 0.7111650485436892 0.1557377049180328 0.3834951456310679
1 0.6434426229508197 0.7111650485436892 0.1557377049180328 0.3932038834951456
1 0.8586065573770493 0.7014563106796116 0.18442622950819673 0.3834951456310679
3 0.8668032786885246 0.4199029126213592 0.25 0.3058252427184466
