3 0.12087912087912088 0.3054054054054054 0.2271062271062271 0.32972972972972975
3 0.358974358974359 0.3054054054054054 0.21978021978021978 0.3621621621621622
3 0.6263736263736264 0.32972972972972975 0.2490842490842491 0.3567567567567568
3 0.8516483516483516 0.31351351351351353 0.23076923076923078 0.3567567567567568
0 0.11721611721611722 0.43243243243243246 0.1391941391941392 0.06486486486486487
0 0.3663003663003663 0.4486486486486487 0.13186813186813187 0.07567567567567568
0 0.608058608058608 0.43243243243243246 0.14652014652014653 0.07567567567567568
0 0.8498168498168498 0.4405405405405406 0.13186813186813187 0.05945945945945946
1 0.11355311355311355 0.6702702702702703 0.14652014652014653 0.4972972972972973
1 0.358974358974359 0.6918918918918919 0.14652014652014653 0.518918918918919
1 0.6043956043956044 0.672972972972973 0.1391941391941392 0.5243243243243243
1 0.8534798534798534 0.6675675675675676 0.1391941391941392 0.5027027027027027
