3 0.12043795620437955 0.33152173913043476 0.1970802919708029 0.41304347826086957
3 0.354014598540146 0.3179347826086956 0.1897810218978102 0.32065217391304346
3 0.583941605839416 0.3233695652173913 0.22627737226277372 0.3858695652173913
3 0.8740875912408759 0.32065217391304346 0.21532846715328466 0.358695652173913
0 0.12043795620437955 0.44565217391304346 0.145985401459854 0.05434782608695652
0 0.34671532846715325 0.4429347826086956 0.11678832116788321 0.059782608695652176
0 0.5784671532846715 0.4293478260869565 0.13503649635036497 0.06521739130434782
0 0.8740875912408759 0.43478260869565216 0.12773722627737225 0.07608695652173914
1 0.34671532846715325 0.6521739130434783 0.1386861313868613 0.46739130434782605
1 0.12043795620437955 0.6820652173913043 0.1386861313868613 0.483695652173913
1 0.5748175182481752 0.671195652173913 0.13503649635036497 0.5271739130434783
1 0.8613138686131386 0.6657608695652174 0.12408759124087591 0.47282608695652173
