3 0.6152882205513784 0.5196428571428571 0.43358395989974935 0.5178571428571428
0 0.6328320802005012 0.8017857142857142 0.22807017543859648 0.08928571428571429
5 0.21679197994987467 0.46964285714285714 0.06265664160401002 0.27499999999999997
5 0.39849624060150374 0.3964285714285714 0.040100250626566414 0.22857142857142856
5 0.606516290726817 0.26785714285714285 0.040100250626566414 0.16428571428571428
5 0.7681704260651628 0.3964285714285714 0.03759398496240601 0.20714285714285713
3 0.21929824561403508 0.4446428571428571 0.3182957393483709 0.25357142857142856
3 0.6177944862155388 0.2625 0.19799498746867167 0.1392857142857143
3 0.7919799498746867 0.36428571428571427 0.2706766917293233 0.19999999999999998
3 0.40852130325814534 0.3732142857142857 0.21553884711779447 0.20357142857142857
