0 0.7000000000000001 0.59125 0.0425 0.0575
0 0.913125 0.63375 0.09125 0.0575
0 0.29875 0.705 0.0375 0.07
1 0.888125 0.81625 0.14125000000000001 0.3175
1 0.69625 0.8025 0.155 0.31
1 0.48562500000000003 0.84375 0.16875 0.2325
2 0.116875 0.47125 0.15625 0.4325
2 0.30125 0.50875 0.1825 0.5375
2 0.500625 0.5025000000000001 0.18125 0.53
2 0.699375 0.44875 0.18375 0.5325
2 0.896875 0.47875 0.17875 0.5125
5 0.308125 0.3825 0.043750000000000004 0.22
5 0.516875 0.3725 0.03875 0.195
5 0.72375 0.33125 0.025 0.2025
5 0.8931250000000001 0.32875 0.02125 0.1575
