0 0.4822222222222222 0.2581481481481481 0.23555555555555555 0.03037037037037037
0 0.8192592592592592 0.27259259259259255 0.21037037037037035 0.04444444444444444
0 0.17629629629629628 0.9462962962962963 0.2311111111111111 0.03037037037037037
0 0.46888888888888886 0.5874074074074074 0.23851851851851852 0.04
0 0.8214814814814815 0.5948148148148148 0.1585185185185185 0.029629629629629627
0 0.7799999999999999 0.9703703703703703 0.1822222222222222 0.035555555555555556
0 0.17629629629629628 0.5733333333333333 0.1274074074074074 0.025185185185185185
0 0.17259259259259258 0.307037037037037 0.2740740740740741 0.04518518518518518
5 0.1674074074074074 0.21259259259259258 0.13333333333333333 0.20148148148148148
5 0.47333333333333333 0.1688888888888889 0.09333333333333332 0.1437037037037037
5 0.8029629629629629 0.1822222222222222 0.07703703703703703 0.15407407407407406
5 0.8125925925925925 0.5174074074074074 0.0874074074074074 0.14888888888888888
5 0.8392592592592593 0.8255555555555555 0.07259259259259258 0.11629629629629629
5 0.1859259259259259 0.8637037037037036 0.11407407407407406 0.17777777777777776
3 0.5044444444444445 0.16074074074074074 0.3333333333333333 0.18074074074074073
3 0.16666666666666666 0.20074074074074072 0.32740740740740737 0.23259259259259257
3 0.1688888888888889 0.8559259259259259 0.317037037037037 0.22
2 0.8407407407407407 0.8488888888888888 0.3185185185185185 0.24444444444444444
