0 0.2366666666666667 0.23 0.26 0.05333333333333334
0 0.8666666666666667 0.36500000000000005 0.11333333333333334 0.030000000000000002
0 0.8683333333333334 0.6866666666666668 0.11 0.02
0 0.8650000000000001 0.03833333333333334 0.10333333333333335 0.023333333333333334
0 0.635 0.2366666666666667 0.11666666666666667 0.04666666666666667
1 0.2366666666666667 0.5766666666666667 0.33333333333333337 0.6000000000000001
1 0.5616666666666666 0.56 0.17 0.6133333333333334
1 0.8666666666666667 0.8216666666666668 0.12000000000000001 0.23
1 0.8650000000000001 0.17 0.13 0.21333333333333335
3 0.22166666666666668 0.165 0.39 0.32333333333333336
