0 0.099375 0.435 0.08875 0.04
0 0.306875 0.4525 0.08875 0.05
0 0.51875 0.4525 0.0925 0.05
0 0.7156250000000001 0.45375 0.08125 0.0475
0 0.900625 0.44875 0.08375 0.0425
1 0.8981250000000001 0.6825 0.09375 0.42
1 0.709375 0.69625 0.09625 0.4175
1 0.304375 0.68125 0.09875 0.3725
1 0.11937500000000001 0.6625 0.12875 0.395
5 0.70375 0.34625 0.02 0.2325
3 0.09375 0.3 0.1325 0.28
3 0.310625 0.31625000000000003 0.12875 0.2975
3 0.71625 0.33875 0.1225 0.2575
3 0.9031250000000001 0.3125 0.13875 0.255
13 0.51375 0.54875 0.09 0.1675
