0 0.18906250000000002 0.340625 0.125 0.040625
0 0.496875 0.35781250000000003 0.09062500000000001 0.034375
0 0.1859375 0.74765625 0.11875000000000001 0.035937500000000004
0 0.50546875 0.7523437500000001 0.1390625 0.035937500000000004
0 0.8140625 0.753125 0.07187500000000001 0.021875000000000002
0 0.8148437500000001 0.31484375000000003 0.0703125 0.0421875
2 0.18281250000000002 0.21484375 0.296875 0.2921875
2 0.1859375 0.63671875 0.30312500000000003 0.2890625
2 0.50234375 0.65390625 0.2828125 0.32343750000000004
2 0.8203125 0.634375 0.296875 0.27187500000000003
2 0.8226562500000001 0.20546875 0.2671875 0.2890625
2 0.50625 0.2171875 0.30625 0.3125
5 0.1765625 0.1390625 0.05625 0.109375
5 0.49921875000000004 0.15234375 0.0484375 0.1546875
5 0.8265625000000001 0.125 0.046875 0.115625
5 0.8132812500000001 0.55703125 0.0484375 0.1015625
5 0.5078125 0.5710937500000001 0.05 0.1234375
5 0.18281250000000002 0.55859375 0.043750000000000004 0.11093750000000001
