0 0.22833333333333336 0.2316666666666667 0.26333333333333336 0.07
0 0.6366666666666667 0.23333333333333334 0.11333333333333334 0.06666666666666667
0 0.8666666666666667 0.36500000000000005 0.1 0.030000000000000002
1 0.21833333333333335 0.5766666666666667 0.33666666666666667 0.6066666666666667
1 0.5616666666666666 0.5766666666666667 0.19666666666666668 0.64
1 0.8700000000000001 0.8250000000000001 0.11333333333333334 0.22333333333333336
1 0.8683333333333334 0.17666666666666667 0.1366666666666667 0.23333333333333334
0 0.8600000000000001 0.03666666666666667 0.10666666666666667 0.03333333333333333
0 0.8650000000000001 0.685 0.10333333333333335 0.030000000000000002
3 0.23833333333333334 0.14333333333333334 0.39666666666666667 0.28
