0 0.15185185185185185 0.3037037037037037 0.2859259259259259 0.05481481481481481
0 0.4874074074074074 0.26296296296296295 0.23703703703703702 0.029629629629629627
0 0.8155555555555555 0.2777777777777778 0.24740740740740738 0.038518518518518514
0 0.8244444444444444 0.5885185185185184 0.18814814814814815 0.027407407407407405
0 0.47777777777777775 0.5837037037037037 0.19407407407407407 0.04148148148148148
0 0.17703703703703702 0.9448148148148148 0.2533333333333333 0.03777777777777778
0 0.7992592592592592 0.9637037037037036 0.19703703703703704 0.048888888888888885
0 0.17555555555555555 0.5692592592592592 0.16148148148148148 0.03629629629629629
5 0.15777777777777777 0.21259259259259258 0.11407407407407406 0.18814814814814815
5 0.48518518518518516 0.17703703703703702 0.10222222222222221 0.16
5 0.7911111111111111 0.18148148148148147 0.08888888888888888 0.15555555555555556
5 0.8037037037037037 0.5107407407407407 0.0962962962962963 0.13999999999999999
5 0.17555555555555555 0.8555555555555555 0.1288888888888889 0.17185185185185184
5 0.8355555555555555 0.8285185185185184 0.07703703703703703 0.12666666666666665
3 0.1733333333333333 0.8507407407407407 0.3437037037037037 0.20666666666666667
3 0.5103703703703704 0.17814814814814814 0.33037037037037037 0.1948148148148148
2 0.8392592592592593 0.8603703703703703 0.3214814814814815 0.26
