1 0.6019047619047619 0.6571428571428571 0.09904761904761905 0.37142857142857144
1 0.84 0.6535714285714286 0.12571428571428572 0.3857142857142857
1 0.37523809523809526 0.6410714285714285 0.10666666666666666 0.3607142857142857
1 0.1457142857142857 0.6517857142857143 0.09333333333333334 0.3821428571428571
2 0.14761904761904762 0.3696428571428571 0.1580952380952381 0.46785714285714286
2 0.38476190476190475 0.35892857142857143 0.15619047619047619 0.3892857142857143
2 0.6171428571428571 0.35 0.16 0.37142857142857144
2 0.8666666666666667 0.35178571428571426 0.15619047619047619 0.325
5 0.14952380952380953 0.2375 0.04380952380952381 0.1392857142857143
5 0.38476190476190475 0.2482142857142857 0.026666666666666665 0.11785714285714285
5 0.5971428571428572 0.25535714285714284 0.03238095238095238 0.11071428571428571
5 0.8523809523809524 0.27499999999999997 0.03238095238095238 0.14285714285714285
