18 0.49000000000000005 0.155 0.12000000000000001 0.21666666666666667
18 0.6816666666666668 0.15166666666666667 0.11 0.20333333333333334
18 0.8433333333333334 0.15000000000000002 0.12666666666666668 0.2
18 0.5016666666666667 0.45833333333333337 0.13 0.18333333333333335
18 0.685 0.4666666666666667 0.1366666666666667 0.17333333333333334
18 0.8583333333333334 0.4683333333333334 0.10333333333333335 0.17666666666666667
18 0.5233333333333333 0.7816666666666667 0.10666666666666667 0.20333333333333334
18 0.7083333333333334 0.775 0.1366666666666667 0.17
18 0.8750000000000001 0.7933333333333333 0.11 0.18000000000000002
18 0.19666666666666668 0.5866666666666667 0.24000000000000002 0.4066666666666667
16 0.21500000000000002 0.23833333333333334 0.20333333333333334 0.16333333333333333
