4 0.10774410774410774 0.5764705882352941 0.13468013468013468 0.3058823529411765
4 0.25757575757575757 0.5941176470588235 0.1313131313131313 0.29411764705882354
4 0.39057239057239057 0.5588235294117647 0.13468013468013468 0.2823529411764706
4 0.5336700336700336 0.5558823529411765 0.1313131313131313 0.28823529411764703
4 0.6851851851851851 0.5911764705882353 0.1313131313131313 0.3235294117647059
4 0.8181818181818181 0.5852941176470589 0.1212121212121212 0.3
3 0.10606060606060605 0.3411764705882353 0.17845117845117844 0.29411764705882354
3 0.24747474747474746 0.34705882352941175 0.15824915824915825 0.2588235294117647
3 0.3888888888888889 0.3205882352941176 0.1447811447811448 0.2411764705882353
3 0.5303030303030303 0.31176470588235294 0.15151515151515152 0.24705882352941178
3 0.6784511784511784 0.3264705882352941 0.16498316498316498 0.22941176470588234
3 0.8215488215488215 0.34705882352941175 0.15488215488215487 0.23529411764705882
