0 0.10377358490566038 0.44025157232704404 0.10062893081761007 0.050314465408805034
0 0.5157232704402516 0.4528301886792453 0.11320754716981132 0.06289308176100629
0 0.7122641509433962 0.46540880503144655 0.10377358490566038 0.07547169811320756
0 0.89937106918239 0.44339622641509435 0.10062893081761007 0.05660377358490566
0 0.30503144654088055 0.46540880503144655 0.1069182389937107 0.06289308176100629
1 0.3144654088050315 0.6823899371069183 0.09433962264150944 0.4088050314465409
1 0.13050314465408805 0.6540880503144655 0.15408805031446543 0.4025157232704403
1 0.7138364779874214 0.6949685534591196 0.10062893081761007 0.44654088050314467
1 0.9040880503144655 0.6729559748427674 0.11635220125786164 0.44025157232704404
3 0.09748427672955975 0.29874213836477986 0.169811320754717 0.2830188679245283
3 0.31603773584905664 0.3176100628930818 0.14779874213836477 0.27044025157232704
3 0.7138364779874214 0.32704402515723274 0.15094339622641512 0.27672955974842767
3 0.9056603773584906 0.32389937106918243 0.15094339622641512 0.24528301886792453
