0 0.596 0.32673267326732675 0.152 0.09900990099009901
0 0.16 0.3415841584158416 0.14400000000000002 0.0891089108910891
5 0.164 0.19554455445544555 0.064 0.30198019801980197
5 0.604 0.19554455445544555 0.096 0.30198019801980197
5 0.8320000000000001 0.19801980198019803 0.056 0.31683168316831684
2 0.136 0.2524752475247525 0.248 0.46534653465346537
2 0.368 0.26732673267326734 0.264 0.4752475247524752
2 0.61 0.22277227722772278 0.268 0.43564356435643564
2 0.848 0.2376237623762376 0.248 0.43564356435643564
1 0.14 0.6732673267326733 0.176 0.5544554455445545
1 0.37 0.6955445544554456 0.188 0.5297029702970297
1 0.606 0.6237623762376238 0.17200000000000001 0.6237623762376238
1 0.838 0.6782178217821783 0.18 0.5148514851485149
