0 0.13111111111111112 0.43333333333333335 0.16444444444444445 0.07555555555555556
0 0.8888888888888888 0.42444444444444446 0.16 0.07555555555555556
1 0.13777777777777778 0.6711111111111111 0.19555555555555557 0.4177777777777778
2 0.13111111111111112 0.32 0.24444444444444444 0.3111111111111111
2 0.37555555555555553 0.3244444444444444 0.22666666666666666 0.3022222222222222
2 0.62 0.32666666666666666 0.22666666666666666 0.30666666666666664
2 0.8622222222222222 0.33111111111111113 0.24 0.29777777777777775
1 0.3688888888888889 0.6733333333333333 0.1511111111111111 0.37777777777777777
1 0.6022222222222222 0.6844444444444444 0.14666666666666667 0.4622222222222222
1 0.8688888888888889 0.6622222222222223 0.17333333333333334 0.4444444444444444
