0 0.1640378548895899 0.6981132075471699 0.2334384858044164 0.12578616352201258
0 0.5063091482649842 0.7169811320754718 0.25552050473186116 0.16352201257861637
0 0.8485804416403785 0.7075471698113208 0.2586750788643533 0.18238993710691825
5 0.1750788643533123 0.35534591194968557 0.08517350157728706 0.5723270440251572
5 0.5110410094637223 0.41509433962264153 0.0946372239747634 0.679245283018868
5 0.8548895899053628 0.44654088050314467 0.0946372239747634 0.7672955974842768
3 0.17981072555205047 0.46540880503144655 0.3533123028391167 0.8427672955974843
3 0.5031545741324921 0.44339622641509435 0.35646687697160884 0.8238993710691824
3 0.834384858044164 0.4339622641509434 0.3312302839116719 0.8301886792452831
1 0.167192429022082 0.8584905660377359 0.26498422712933756 0.2830188679245283
1 0.49842271293375395 0.8522012578616353 0.2586750788643533 0.29559748427672955
1 0.8391167192429022 0.839622641509434 0.2586750788643533 0.30817610062893086
