0 0.9072327044025158 0.6257861635220127 0.11006289308176101 0.06918238993710692
5 0.7201257861635221 0.42138364779874216 0.07547169811320756 0.41509433962264153
5 0.8946540880503145 0.42138364779874216 0.04088050314465409 0.339622641509434
5 0.300314465408805 0.5 0.04716981132075472 0.4716981132075472
5 0.5172955974842768 0.4748427672955975 0.059748427672955975 0.4339622641509434
2 0.6981132075471699 0.449685534591195 0.18867924528301888 0.5094339622641509
2 0.8946540880503145 0.46226415094339623 0.18553459119496857 0.48427672955974843
2 0.29874213836477986 0.5283018867924528 0.18867924528301888 0.6163522012578617
2 0.11477987421383648 0.4937106918238994 0.16666666666666669 0.559748427672956
2 0.49842767295597484 0.5 0.19811320754716982 0.559748427672956
1 0.49056603773584906 0.8301886792452831 0.16352201257861637 0.30188679245283023
1 0.6965408805031447 0.8018867924528302 0.13522012578616352 0.3207547169811321
1 0.889937106918239 0.8301886792452831 0.13836477987421383 0.30188679245283023
1 0.29245283018867924 0.8207547169811321 0.18867924528301888 0.29559748427672955
1 0.0959119496855346 0.8176100628930818 0.13522012578616352 0.30188679245283023
