0 0.5423076923076924 0.28350515463917525 0.2230769230769231 0.07216494845360824
0 0.34615384615384615 0.4845360824742268 0.12307692307692308 0.07216494845360824
0 0.826923076923077 0.23711340206185566 0.24615384615384617 0.10309278350515463
0 0.8288461538461539 0.5103092783505154 0.24230769230769234 0.09278350515463918
1 0.13076923076923078 0.6391752577319587 0.13846153846153847 0.36082474226804123
1 0.3153846153846154 0.7036082474226804 0.17692307692307693 0.4175257731958763
1 0.5480769230769231 0.5489690721649484 0.20384615384615384 0.520618556701031
2 0.12115384615384617 0.3634020618556701 0.19615384615384618 0.3247422680412371
3 0.3596153846153846 0.3865979381443299 0.1807692307692308 0.28865979381443296
5 0.31923076923076926 0.40463917525773196 0.05384615384615385 0.2422680412371134
