13 0.4 0.38833333333333336 0.18666666666666668 0.09666666666666668
13 0.6416666666666667 0.38833333333333336 0.21000000000000002 0.13
13 0.27666666666666667 0.8466666666666667 0.18000000000000002 0.1
17 0.1366666666666667 0.225 0.22666666666666668 0.22333333333333336
17 0.39666666666666667 0.23333333333333334 0.24666666666666667 0.23333333333333334
17 0.6483333333333334 0.2316666666666667 0.22333333333333336 0.24333333333333335
17 0.8916666666666667 0.24833333333333335 0.21666666666666667 0.2366666666666667
17 0.8166666666666668 0.6766666666666667 0.22666666666666668 0.24000000000000002
17 0.56 0.6833333333333333 0.23333333333333334 0.21333333333333335
17 0.28 0.6916666666666668 0.21333333333333335 0.2366666666666667
18 0.13833333333333334 0.4116666666666667 0.20333333333333334 0.19
18 0.895 0.42000000000000004 0.21000000000000002 0.14
14 0.5683333333333334 0.8566666666666667 0.18333333333333335 0.16666666666666669
